-6.283185307179586	0.04839214181854078
-6.2731853071795864	6.807934900191274
-6.263185307179587	3.84073150355297
-6.253185307179586	12.503045302819565
-6.243185307179586	5.387523025335951
-6.233185307179586	4.100507574195631
-6.223185307179587	2.112035266886117
-6.213185307179586	-9.33998283439088
-6.203185307179586	-5.850821984897134
-6.193185307179586	-13.57829252613153
-6.183185307179587	-11.871497921594228
-6.173185307179586	-5.968461004528912
-6.163185307179586	-8.188226387282361
-6.153185307179586	4.695932906611095
-6.1431853071795866	4.151915755758899
-6.133185307179586	8.356679472298833
-6.123185307179586	13.030364401086207
-6.113185307179586	4.561085027188307
-6.1031853071795865	8.35813483552057
-6.093185307179586	-1.0676785913898348
-6.083185307179586	-5.031319611642711
-6.073185307179586	-4.000855392967884
-6.0631853071795865	-12.123152322945828
-6.053185307179586	-3.439257419697131
-6.043185307179586	-4.5202413427224695
-6.033185307179586	0.008242566110297056
-6.0231853071795864	9.359666291134541
-6.013185307179587	5.588989823533918
-6.003185307179586	14.168978966811345
-5.993185307179586	9.308644877560283
-5.983185307179586	5.500019081855221
-5.973185307179587	5.64895005915621
-5.963185307179586	-7.031218160207088
-5.953185307179586	-4.793190764826241
-5.943185307179586	-11.329005607236974
-5.933185307179587	-12.812237749825847
-5.923185307179586	-5.49101671131823
-5.913185307179586	-9.117399634487446
-5.903185307179586	2.2062854574943067
-5.8931853071795866	3.62758442850527
-5.883185307179586	5.061845009426643
-5.873185307179586	11.785088001032298
-5.863185307179586	2.808662792824104
-5.8531853071795865	5.8045851358919425
-5.843185307179586	-1.3871144092211551
-5.833185307179586	-7.866421455027855
-5.823185307179586	-5.153232915106399
-5.8131853071795865	-13.825510613822305
-5.803185307179586	-6.295305593471891
-5.793185307179586	-5.016435354196258
-5.783185307179586	-2.69113189370589
-5.7731853071795864	8.79766714111249
-5.763185307179587	5.4937887593360095
-5.753185307179586	13.74928791270692
-5.743185307179586	11.964714978885333
-5.733185307179586	6.226471719144499
-5.723185307179586	8.686202996902406
-5.713185307179586	-4.026749351497255
-5.703185307179586	-3.0618452984870697
-5.693185307179586	-7.30839980694577
-5.683185307179587	-11.664170155683777
-5.673185307179586	-3.2597958577121924
-5.663185307179586	-7.2420521422408095
-5.653185307179586	2.415550982235421
-5.6431853071795866	5.946416585138854
-5.633185307179586	4.907090305069923
-5.623185307179586	12.815360996187161
-5.613185307179586	3.819436299032816
-5.6031853071795865	4.914024626265771
-5.593185307179586	-0.2596461205212406
-5.583185307179586	-9.468270149451886
-5.573185307179586	-5.99056175953333
-5.5631853071795865	-15.038403712739377
-5.553185307179586	-9.892889518206106
-5.543185307179586	-6.6259623511895525
-5.533185307179586	-6.597110085067266
-5.5231853071795864	6.037174778520426
-5.513185307179587	3.4591002140827007
-5.503185307179586	10.24630276836301
-5.493185307179586	11.577971681095951
-5.483185307179586	4.45494170462487
-5.473185307179586	8.192725269484903
-5.463185307179586	-3.204422399864085
-5.453185307179586	-4.029287859383464
-5.443185307179586	-5.570012179513955
-5.433185307179587	-11.563472029214932
-5.423185307179586	-2.435203643538557
-5.413185307179586	-5.349785029315954
-5.403185307179586	2.4042721829685694
-5.3931853071795866	8.7864883929089
-5.383185307179586	6.301163773780778
-5.373185307179586	15.099927651817499
-5.363185307179586	7.463857696353619
-5.3531853071795865	6.40475017397295
-5.343185307179586	3.7424765625804235
-5.333185307179586	-7.78813736443154
-5.323185307179586	-4.6507542651373015
-5.3131853071795865	-13.060316577650106
-5.303185307179586	-11.144618022336212
-5.293185307179586	-6.113452959513388
-5.283185307179586	-8.377081806885553
-5.2731853071795864	4.094028149021872
-5.263185307179587	2.585722105302737
-5.253185307179586	7.051962858109272
-5.243185307179586	10.654064576529784
-5.233185307179586	2.290490183204387
-5.223185307179586	6.202970764129056
-5.213185307179586	-3.7955053681066304
-5.203185307179586	-7.072231401656666
-5.193185307179586	-6.280715739483208
-5.183185307179587	-14.038441124071394
-5.173185307179586	-4.827750729203792
-5.163185307179586	-6.037233118670742
-5.153185307179586	-0.29202320218887245
-5.143185307179586	8.972632819235315
-5.133185307179586	5.748013473178551
-5.123185307179586	15.050775136833384
-5.113185307179586	10.044872667198558
-5.1031853071795865	7.21823489664046
-5.093185307179587	7.082694663614369
-5.083185307179586	-5.172419135942631
-5.073185307179586	-2.5543463428758093
-5.0631853071795865	-9.338218983427053
-5.053185307179586	-10.25799543978185
-5.043185307179586	-3.378758267676485
-5.033185307179586	-6.903256657068583
-5.0231853071795864	4.536108408581849
-5.013185307179587	4.886522461875892
-5.003185307179586	6.491521269257786
-4.993185307179586	12.183689529999773
-4.983185307179586	2.8642237115292026
-4.973185307179586	5.512269359036302
-4.963185307179586	-2.7460785988895955
-4.953185307179586	-8.956124987840859
-4.943185307179586	-6.96759491495221
-4.933185307179587	-15.839791466599355
-4.923185307179586	-8.071943453879816
-4.913185307179586	-7.4773662760137025
-4.903185307179586	-4.658333217597794
-4.893185307179586	6.568315482815706
-4.883185307179586	3.408754753464269
-4.873185307179586	12.014028901791837
-4.863185307179586	9.845210484170574
-4.8531853071795865	5.189040777602629
-4.843185307179587	7.296681428919586
-4.833185307179586	-4.767538537216813
-4.823185307179586	-2.9751388778713754
-4.8131853071795865	-7.480509454364187
-4.803185307179586	-10.506086396399372
-4.793185307179586	-1.9001794538258023
-4.783185307179586	-5.642139365836739
-4.7731853071795864	4.852119009653835
-4.763185307179587	7.8810048542601745
-4.753185307179586	7.501402095994125
-4.743185307179586	15.01899289179645
-4.733185307179586	5.958019864554117
-4.723185307179586	7.205979252000331
-4.713185307179586	1.2495452125537923
-4.703185307179586	-7.810857969584507
-4.693185307179586	-5.044871935776163
-4.683185307179587	-14.402565855387913
-4.673185307179586	-9.237160916258807
-4.663185307179586	-6.984467650371968
-4.653185307179586	-6.853422149301189
-4.643185307179586	5.248708121171961
-4.633185307179586	2.0154639105522056
-4.623185307179586	8.943517542869081
-4.613185307179586	9.113053611710171
-4.6031853071795865	2.290415765035319
-4.593185307179587	5.807101768238088
-4.583185307179586	-6.0031164205326135
-4.573185307179586	-5.947028886059914
-4.5631853071795865	-7.96555699524421
-4.553185307179586	-13.287296879988654
-4.543185307179586	-3.7279268961547896
-4.533185307179586	-6.6448134754030415
-4.5231853071795864	2.179261856639841
-4.513185307179587	8.415844168888215
-4.503185307179586	6.764518103415599
-4.493185307179586	15.822245452227824
-4.483185307179586	8.196031955680114
-4.473185307179586	8.14896690234482
-4.463185307179586	4.9318338616596975
-4.453185307179586	-5.748903496778155
-4.443185307179586	-2.3660517470515305
-4.433185307179587	-11.169876173611309
-4.423185307179586	-8.269819249742131
-4.413185307179586	-3.97136716658426
-4.403185307179586	-6.037531717206376
-4.393185307179586	6.1799685956033805
-4.383185307179586	3.9240278907500628
-4.373185307179586	8.546839984350365
-4.363185307179586	11.079635946056133
-4.3531853071795865	2.394596080008915
-4.343185307179587	5.692928368998158
-4.333185307179586	-5.115915851764025
-4.323185307179586	-8.136390116287014
-4.3131853071795865	-8.30935714374303
-4.303185307179586	-15.737457542603194
-4.293185307179586	-6.6762377140967235
-4.283185307179586	-8.330514115116994
-4.2731853071795864	-2.1221676421615974
-4.263185307179587	6.583073726506532
-4.253185307179586	3.8841925239419073
-4.243185307179586	13.455510209213323
-4.233185307179586	7.914151206184114
-4.223185307179586	5.982812441564073
-4.213185307179586	5.866215608050647
-4.203185307179586	-5.809078924258669
-4.193185307179586	-2.2784313818505018
-4.183185307179587	-9.239575848239722
-4.173185307179587	-8.801328625805247
-4.163185307179586	-1.9903494657947283
-4.153185307179586	-5.129870901587806
-4.143185307179586	6.846721486214553
-4.133185307179586	6.766596700897896
-4.123185307179586	9.368120926502458
-4.113185307179586	14.304063945601396
-4.1031853071795865	4.969704196222132
-4.093185307179587	7.797650770551901
-4.083185307179586	-1.3417033272287515
-4.073185307179586	-7.192869797743752
-4.063185307179586	-5.928881901699872
-4.053185307179586	-15.218711371354708
-4.043185307179586	-7.475641337355539
-4.033185307179586	-8.034358438601695
-4.0231853071795864	-4.746098254018941
-4.013185307179587	5.600779977003879
-4.003185307179586	1.9158984930488652
-3.993185307179586	10.49486077428824
-3.983185307179586	7.361808724106195
-3.973185307179586	3.0807127023110317
-3.9631853071795864	4.722656886541662
-3.953185307179586	-7.521793592463147
-3.9431853071795864	-5.134180883975009
-3.933185307179586	-9.873583325803306
-3.9231853071795864	-12.083683564234358
-3.913185307179586	-3.346463827253607
-3.9031853071795863	-6.5208955517162925
-3.893185307179586	4.665487802964334
-3.8831853071795863	7.499982718049673
-3.873185307179586	8.255534135553722
-3.8631853071795863	15.758217719801532
-3.853185307179586	6.87652514707996
-3.8431853071795863	9.063239685790712
-3.833185307179586	2.5488364394059846
-3.8231853071795863	-5.6665730519055035
-3.813185307179586	-2.8363732113729903
-3.8031853071795862	-12.252875976956892
-3.793185307179586	-6.530715054138334
-3.7831853071795862	-4.998617348855807
-3.773185307179586	-4.452885373632587
-3.763185307179586	6.923453399781409
-3.753185307179586	3.2924093367697314
-3.743185307179586	10.273478137478564
-3.733185307179586	9.25765976325805
-3.723185307179586	2.597273279803658
-3.7131853071795864	5.1885392785310405
-3.703185307179586	-7.23936105017019
-3.6931853071795864	-7.082767192506091
-3.683185307179586	-10.132953633105489
-3.6731853071795864	-14.973753659753047
-3.663185307179586	-5.907388231963557
-3.6531853071795863	-8.823575580210179
-3.643185307179586	0.3425410519830762
-3.6331853071795863	6.030264845537532
-3.623185307179586	4.775019769100919
-3.6131853071795863	13.964696183203904
-3.603185307179586	6.33729994926834
-3.5931853071795863	7.056828329026482
-3.583185307179586	3.7584684692491614
-3.5731853071795863	-6.093043569856789
-3.563185307179586	-2.32668118123114
-3.5531853071795862	-10.761882316356951
-3.543185307179586	-6.873502246344332
-3.5331853071795862	-2.700543997187215
-3.523185307179586	-4.003422885086567
-3.513185307179586	8.421359958514431
-3.503185307179586	5.900355883444742
-3.493185307179586	11.227286535878136
-3.483185307179586	13.111156163302079
-3.473185307179586	4.64381694521161
-3.4631853071795864	7.784030877351157
-3.453185307179586	-3.8600368357690047
-3.4431853071795864	-6.4155952862668855
-3.433185307179586	-7.451920466856659
-3.4231853071795864	-15.072814288264805
-3.413185307179586	-6.3313017836125765
-3.4031853071795863	-8.907490844540703
-3.393185307179586	-2.3920765487085713
-3.3831853071795863	5.290378927737239
-3.373185307179586	2.4413964391116334
-3.3631853071795863	11.65676243861189
-3.353185307179586	5.388480935212401
-3.3431853071795863	4.099718601373813
-3.333185307179586	3.091429542117514
-3.3231853071795863	-8.191684154037524
-3.313185307179586	-4.470647357501244
-3.3031853071795862	-11.58705717138082
-3.293185307179586	-10.247720108387366
-3.2831853071795862	-3.622523845392097
-3.273185307179586	-5.977289237317091
-3.263185307179586	6.71830704963961
-3.253185307179586	6.619445650839689
-3.243185307179586	10.039354290348973
-3.233185307179586	15.062567479653275
-3.223185307179586	6.099472262962603
-3.213185307179586	9.52632282682054
-3.203185307179586	-0.01818702046770837
-3.1931853071795864	-4.847955441049147
-3.183185307179586	-3.864700296781635
-3.1731853071795864	-12.81570573992443
-3.163185307179586	-4.887837904722492
-3.1531853071795863	-5.902383143653232
-3.143185307179586	-2.3045548924735373
-3.1331853071795863	7.209240201733392
-3.123185307179586	3.3604537550148095
-3.1131853071795863	11.665254153824009
-3.103185307179586	7.231256348902868
-3.0931853071795863	3.1351707862654785
-3.083185307179586	3.9039393614801843
-3.0731853071795863	-8.738924158713989
-3.063185307179586	-6.3723804933458865
-3.0531853071795862	-11.909124066877457
-3.043185307179586	-13.67420120046809
-3.0331853071795862	-5.549771765937355
-3.023185307179586	-8.80304893537341
-3.013185307179586	2.9013925366578266
-3.003185307179586	4.949809652333414
-2.993185307179586	6.472393727534762
-2.983185307179586	13.79681813126873
-2.973185307179586	4.986753757943119
-2.963185307179586	7.9214289092490375
-2.953185307179586	1.3932229531049989
-2.9431853071795864	-5.735389790172129
-2.933185307179586	-2.8270385078305322
-2.9231853071795864	-11.74171363148022
-2.913185307179586	-4.951058910334941
-2.9031853071795863	-3.6304995764891417
-2.893185307179586	-2.223730922206064
-2.8831853071795863	9.23504955313739
-2.873185307179586	5.415814985320173
-2.8631853071795863	12.902410019496891
-2.853185307179586	11.286727648498594
-2.8431853071795863	4.942274071535006
-2.833185307179586	6.960867417757444
-2.8231853071795863	-5.800152423546951
-2.813185307179586	-5.430963017060762
-2.8031853071795862	-9.462531025938127
-2.793185307179586	-14.236375687520123
-2.7831853071795862	-5.559602740632178
-2.773185307179586	-9.24540854135428
-2.763185307179586	0.2670842331647868
-2.753185307179586	4.530719234028286
-2.743185307179586	3.6416105807543016
-2.733185307179586	12.147182696682574
-2.723185307179586	3.8324578004767016
-2.713185307179586	5.009070037736103
-2.703185307179586	0.8595741902837329
-2.6931853071795864	-8.339532956904291
-2.683185307179586	-4.561225000586277
-2.6731853071795864	-13.076588481526173
-2.663185307179586	-8.173026260286269
-2.6531853071795863	-4.305216371288572
-2.643185307179586	-4.594674771942543
-2.6331853071795863	8.073904171767548
-2.623185307179586	5.895100467226594
-2.6131853071795863	12.012580494313777
-2.603185307179586	13.517312550197506
-2.5931853071795863	5.9113923782167435
-2.583185307179586	9.40097364348063
-2.5731853071795863	-2.188063102813892
-2.563185307179586	-4.078354810700963
-2.5531853071795862	-5.544143494529547
-2.543185307179586	-12.641896070526261
-2.5331853071795862	-3.804674627552486
-2.523185307179586	-6.865506681476463
-2.513185307179586	0.07966100607813248
-2.503185307179586	6.837179995709201
-2.493185307179586	3.911876892599727
-2.483185307179586	12.62944839581904
-2.473185307179586	5.297619146887782
-2.463185307179586	4.057797301656597
-2.453185307179586	2.1231623849029075
-2.4431853071795864	-9.392776740442422
-2.433185307179586	-5.87887583287307
-2.4231853071795864	-13.692178867458836
-2.413185307179586	-11.888669609818706
-2.4031853071795863	-5.955524534678963
-2.393185307179586	-7.9631644359916836
-2.3831853071795863	4.703236304077343
-2.373185307179586	4.1312837459997
-2.3631853071795863	8.388064014133128
-2.353185307179586	12.881969513475177
-2.3431853071795863	4.444608180150541
-2.333185307179586	8.323382348513569
-2.3231853071795863	-1.0609118332441214
-2.313185307179586	-4.983246361962648
-2.3031853071795862	-3.887985948995432
-2.293185307179586	-12.145616298406715
-2.2831853071795862	-3.351088787022828
-2.2731853071795864	-4.73411762730524
-2.2631853071795858	0.08631841970640197
-2.253185307179586	9.262741841367903
-2.243185307179586	5.673677630294222
-2.2331853071795864	14.381606112591355
-2.2231853071795857	9.296956717868905
-2.213185307179586	5.629754309167448
-2.203185307179586	5.6362040711883346
-2.1931853071795864	-7.111069317617748
-2.1831853071795866	-4.811083526437986
-2.173185307179586	-11.32888826382249
-2.163185307179586	-12.85121837847947
-2.1531853071795863	-5.592912897738277
-2.1431853071795866	-9.144388415915634
-2.133185307179586	2.4732661574849146
-2.123185307179586	3.553782585258025
-2.1131853071795863	5.131545338576168
-2.1031853071795865	11.702028500727694
-2.093185307179586	2.813264682598903
-2.083185307179586	5.834708067853386
-2.0731853071795863	-1.6651870731885692
-2.0631853071795865	-7.940365526255886
-2.053185307179586	-5.218365114330218
-2.043185307179586	-13.809906246991094
-2.0331853071795862	-6.288664040366056
-2.0231853071795864	-5.199670156389036
-2.0131853071795858	-2.5045158746448455
-2.003185307179586	8.856978841218648
-1.9931853071795862	5.586026560500421
-1.9831853071795864	13.829579894174998
-1.9731853071795857	11.753356176642246
-1.963185307179586	6.433001016315129
-1.9531853071795862	8.612535824903697
-1.9431853071795864	-4.014498410128225
-1.9331853071795857	-3.074686374104269
-1.923185307179586	-7.5068635044849925
-1.9131853071795861	-11.685602350390695
-1.9031853071795863	-3.2511249768704236
-1.8931853071795866	-7.119906968315596
-1.8831853071795859	2.6134875752336235
-1.873185307179586	5.873174436349073
-1.8631853071795863	4.9731609309167695
-1.8531853071795865	12.75336844442909
-1.8431853071795858	3.861247309023428
-1.833185307179586	5.056400699614663
-1.8231853071795863	-0.2839092072309778
-1.8131853071795865	-9.385487007862258
-1.8031853071795858	-6.174970934364451
-1.793185307179586	-15.119906322872673
-1.7831853071795862	-9.798075706934213
-1.7731853071795864	-6.629254122301067
-1.7631853071795858	-6.544990469860694
-1.753185307179586	5.9367071743586415
-1.7431853071795862	3.4884428261032037
-1.7331853071795864	10.324204119116706
-1.7231853071795857	11.554014043818917
-1.713185307179586	4.650813697579958
-1.7031853071795862	8.315720683701336
-1.6931853071795864	-3.2250635134376946
-1.6831853071795857	-3.893469423349721
-1.673185307179586	-5.592235463567205
-1.6631853071795861	-11.652776356589637
-1.6531853071795863	-2.3567044766468648
-1.6431853071795866	-5.438697048163289
-1.6331853071795859	2.500785923991004
-1.623185307179586	8.710144017076773
-1.6131853071795863	6.3274142995081215
-1.6031853071795865	15.14652426056923
-1.5931853071795858	7.283624459927063
-1.583185307179586	6.378623477298403
-1.5731853071795863	3.610788657430724
-1.5631853071795865	-7.745538504627132
-1.5531853071795858	-4.648879760867185
-1.543185307179586	-13.27877191843516
-1.5331853071795862	-10.964936225704328
-1.5231853071795864	-6.015332459817396
-1.5131853071795858	-8.263072387770556
-1.503185307179586	4.187956864784574
-1.4931853071795862	2.732312375234721
-1.4831853071795864	7.176635846036972
-1.4731853071795857	10.697436638773786
-1.463185307179586	2.2111700679870987
-1.4531853071795862	6.032526429138295
-1.4431853071795864	-3.9064058069137872
-1.4331853071795857	-7.0983560475019285
-1.423185307179586	-6.361989860643683
-1.4131853071795861	-13.949384372202312
-1.4031853071795863	-4.657188621521619
-1.3931853071795866	-5.953109258211577
-1.3831853071795859	-0.26300648992674946
-1.373185307179586	8.80356220589205
-1.3631853071795863	5.916000190764321
-1.3531853071795865	15.219722447129982
-1.3431853071795858	9.942243444903312
-1.333185307179586	7.279093138104931
-1.3231853071795863	7.058159165832587
-1.3131853071795865	-5.320357931751874
-1.3031853071795858	-2.489604943182486
-1.293185307179586	-9.461226366909997
-1.2831853071795862	-10.10643267935695
-1.2731853071795864	-3.2817248483673502
-1.2631853071795858	-6.925439967675718
-1.253185307179586	4.557969246073685
-1.2431853071795862	4.856263097693507
-1.2331853071795864	6.743009384931408
-1.2231853071795857	12.282406030419457
-1.213185307179586	2.8357056376871412
-1.2031853071795862	5.707989626838003
-1.1931853071795864	-2.898729289287288
-1.1831853071795857	-8.849335518641848
-1.173185307179586	-7.023589241560117
-1.1631853071795861	-15.767614953962234
-1.1531853071795863	-7.9837143093309635
-1.1431853071795866	-7.630098838214967
-1.1331853071795859	-4.533448785183658
-1.123185307179586	6.612243864425304
-1.1131853071795863	3.293985410774545
-1.1031853071795865	12.203170776963061
-1.0931853071795858	9.650286578212523
-1.083185307179586	5.245864418386658
-1.0731853071795863	7.344602640241898
-1.0631853071795865	-4.872134217174636
-1.0531853071795858	-3.002172489229748
-1.043185307179586	-7.597120537495425
-1.0331853071795862	-10.469102273350277
-1.0231853071795864	-1.894581174249435
-1.0131853071795858	-5.4501111085288
-1.003185307179586	5.012180813467419
-0.9931853071795862	7.751608722741008
-0.9831853071795864	7.699974696596381
-0.9731853071795857	15.085539204790818
-0.963185307179586	5.896776137029125
-0.9531853071795862	7.230658719487485
-0.9431853071795864	1.085510068102458
-0.9331853071795857	-7.745959039904109
-0.9231853071795859	-5.055411123936082
-0.9131853071795861	-14.460661558409473
-0.9031853071795863	-9.079296711623687
-0.8931853071795866	-7.007472380168405
-0.8831853071795859	-6.715382642279154
-0.8731853071795861	5.1429050208955704
-0.8631853071795863	1.9823848315680586
-0.8531853071795865	9.03584958768581
-0.8431853071795858	9.16055071234267
-0.833185307179586	2.4749798262514764
-0.8231853071795863	5.666352702797884
-0.8131853071795865	-6.00687563654211
-0.8031853071795858	-5.977212499138503
-0.793185307179586	-8.03084072126977
-0.7831853071795862	-13.172785934720444
-0.7731853071795864	-3.64302930820741
-0.7631853071795858	-6.475053611045036
-0.753185307179586	2.4715980009211673
-0.7431853071795862	8.274801375670277
-0.7331853071795864	6.870277994555844
-0.7231853071795857	15.891059465311482
-0.713185307179586	8.04318251989848
-0.7031853071795862	8.203291279130855
-0.6931853071795864	4.98525279724835
-0.6831853071795857	-5.71288378147929
-0.6731853071795859	-2.320902241973437
-0.6631853071795861	-11.184204622067515
-0.6531853071795863	-8.302223749700824
-0.6431853071795866	-3.9221801331196033
-0.6331853071795859	-5.897527077620325
-0.6231853071795861	6.217029239386491
-0.6131853071795863	3.861442365984623
-0.6031853071795865	8.570566822323265
-0.5931853071795858	10.95626414933521
-0.583185307179586	2.2773325533375326
-0.5731853071795863	5.766578394457641
-0.5631853071795865	-5.175910666951795
-0.5531853071795858	-8.026908929443712
-0.543185307179586	-8.451478668576096
-0.5331853071795862	-15.697009991148402
-0.5231853071795864	-6.632016394593084
-0.5131853071795858	-8.422287551336131
-0.503185307179586	-1.9282457240134416
-0.4931853071795862	6.522065606047378
-0.4831853071795864	3.786646513878223
-0.47318530717958573	13.349264838547205
-0.46318530717958595	7.757630826500969
-0.45318530717958616	6.12965345587526
-0.4431853071795864	5.746505360041812
-0.4331853071795857	-5.870752362412528
-0.4231853071795859	-2.418030167292451
-0.4131853071795861	-9.375195164677546
-0.40318530717958634	-8.696112452207366
-0.39318530717958655	-2.128718839221369
-0.3831853071795859	-5.132048246449318
-0.3731853071795861	7.05302520195753
-0.3631853071795863	6.759726609737946
-0.3531853071795865	9.40779864197546
-0.34318530717958584	14.359718650489542
-0.33318530717958605	4.984972366959987
-0.32318530717958627	7.752674940637103
-0.3131853071795865	-1.5151002736405133
-0.3031853071795858	-7.142972982614927
-0.293185307179586	-5.936542818391045
-0.28318530717958623	-15.120296304714024
-0.27318530717958645	-7.428858090761199
-0.26318530717958577	-8.012084700073851
-0.253185307179586	-4.50559523538588
-0.2431853071795862	5.599826679843837
-0.2331853071795864	2.023670409914157
-0.22318530717958573	10.59309602329512
-0.21318530717958595	7.19579291982417
-0.20318530717958616	3.150871319403306
-0.19318530717958637	4.762797097372886
-0.1831853071795857	-7.508164436502222
-0.1731853071795859	-5.123561676982867
-0.16318530717958613	-9.988440690407346
-0.15318530717958634	-11.869716755658485
-0.14318530717958566	-3.3135647494663747
-0.13318530717958588	-6.532916244400267
-0.12318530717958609	4.7521964143024125
-0.1131853071795863	7.546764208081921
-0.10318530717958652	8.354224814903398
-0.09318530717958584	15.66421222510482
-0.08318530717958605	6.800855270022124
-0.07318530717958627	9.056526004152683
-0.06318530717958648	2.3617470094512636
-0.053185307179585806	-5.474856098654902
-0.04318530717958602	-2.796494121868614
-0.03318530717958623	-12.251852976946743
-0.023185307179586445	-6.333617080582074
-0.01318530717958577	-5.072803216185568
-0.0031853071795859833	-4.2597891478198004
0.0068146928204138035	7.029373152032478
0.01681469282041359	3.3130913669379316
0.026814692820414265	10.350687898371557
0.03681469282041405	9.205643929040296
0.04681469282041384	2.5248575019346173
0.056814692820413626	5.101556564151505
0.0668146928204143	-7.280469102967875
0.07681469282041409	-7.140724209572568
0.08681469282041387	-10.164286841178393
0.09681469282041366	-14.906055516321295
0.10681469282041434	-5.68952076344718
0.11681469282041412	-8.855386370448546
0.1268146928204139	0.49721797635612064
0.1368146928204137	5.816680880738768
0.14681469282041348	4.973072810044432
0.15681469282041416	13.987338289986061
0.16681469282041395	6.088998815520352
0.17681469282041373	7.228242668372058
0.18681469282041352	3.591176262774673
0.1968146928204142	-6.13936650586909
0.20681469282041398	-2.334615179818484
0.21681469282041377	-10.891270350910998
0.22681469282041355	-6.882941178032015
0.23681469282041423	-2.711296502965066
0.24681469282041402	-3.9330015018099687
0.2568146928204138	8.500635326030194
0.2668146928204136	6.045722217415914
0.27681469282041427	11.27931603984796
0.28681469282041405	13.030108396386211
0.29681469282041384	4.503612175516112
0.3068146928204136	7.759147140096262
0.3168146928204143	-3.9927644643102713
0.3268146928204141	-6.267939225348045
0.3368146928204139	-7.545629684393729
0.34681469282041366	-14.919433414182613
0.35681469282041434	-6.2448187711673295
0.3668146928204141	-8.819800762372624
0.3768146928204139	-2.1750108012817213
0.3868146928204137	5.3567982090530215
0.3968146928204135	2.489677270609107
0.40681469282041416	11.813552322085322
0.41681469282041395	5.295834540020639
0.42681469282041373	4.133780149424545
0.4368146928204135	2.95755666186456
0.4468146928204142	-8.280033143256585
0.456814692820414	-4.557247969322345
0.46681469282041377	-11.820439191428662
0.47681469282041355	-10.095184985635928
0.48681469282041423	-3.582200738677463
0.496814692820414	-5.835830168474914
0.5068146928204138	6.855051743762642
0.5168146928204136	6.466612690891875
0.5268146928204143	10.219844867508845
0.536814692820414	14.951520110363624
0.5468146928204138	6.010694327610284
0.5568146928204136	9.562146665480192
0.5668146928204143	-0.07681815431864958
0.5768146928204141	-4.816823721938765
0.5868146928204139	-4.083986374951049
0.5968146928204137	-12.730910880708397
0.6068146928204143	-4.880399452856151
0.6168146928204141	-5.980694364903125
0.6268146928204139	-2.246378849497659
0.6368146928204137	7.104246449036519
0.6468146928204135	3.35110725663447
0.6568146928204142	11.81892416040949
0.666814692820414	7.149035304249409
0.6768146928204137	3.135512143118091
0.6868146928204135	3.868878077529329
0.6968146928204142	-8.799979155363248
0.706814692820414	-6.248324722918374
0.7168146928204138	-12.1579663424032
0.7268146928204136	-13.516248519241236
0.7368146928204142	-5.526589299621238
0.746814692820414	-8.73630497237901
0.7568146928204138	2.8921334753641084
0.7668146928204136	5.044201929348226
0.7768146928204143	6.5485778968741535
0.786814692820414	13.775674871468125
0.7968146928204138	5.092081819212112
0.8068146928204136	8.060485520462407
0.8168146928204143	1.2360030082796607
0.8268146928204141	-5.786544646873172
0.8368146928204139	-2.9571867393627382
0.8468146928204137	-11.87250620091151
0.8568146928204143	-4.99279340075902
0.8668146928204141	-3.799860233112996
0.8768146928204139	-2.066137877207667
0.8868146928204137	9.288987614334989
0.8968146928204135	5.58776655153847
0.9068146928204142	13.108377863857248
0.916814692820414	11.112446859214323
0.9268146928204137	4.79136099263435
0.9368146928204135	6.990521779483278
0.9468146928204142	-5.8446184508381
0.956814692820414	-5.4092968644281
0.9668146928204138	-9.42848653146858
0.9768146928204136	-14.23476510683551
0.9868146928204142	-5.529360468362402
0.996814692820414	-9.203865085659615
1.0068146928204138	0.3285387293906633
1.0168146928204136	4.480800514213999
1.0268146928204143	3.7203929683006347
1.036814692820414	12.001117328008927
1.0468146928204138	3.8560345679994157
1.0568146928204136	5.026510174916089
1.0668146928204143	0.7214573006514509
1.076814692820414	-8.41439709879226
1.0868146928204139	-4.55663976245086
1.0968146928204137	-13.130589579363402
1.1068146928204143	-8.055873434999512
1.1168146928204141	-4.31032839766445
1.126814692820414	-4.5288943420969865
1.1368146928204137	8.232669015325891
1.1468146928204135	5.783791384082212
1.1568146928204142	12.19007669123722
1.166814692820414	13.503341420252383
1.1768146928204137	5.939775512985568
1.1868146928204135	9.398282825877454
1.1968146928204142	-2.3169400534508737
1.206814692820414	-3.8542621089569664
1.2168146928204138	-5.757026381047959
1.2268146928204136	-12.55765659408156
1.2368146928204142	-3.641656113667602
1.246814692820414	-6.872494371872663
1.2568146928204138	0.23876770837546135
1.2668146928204136	6.635885513457536
1.2768146928204143	3.931332373389804
1.286814692820414	12.732415355124587
1.2968146928204138	5.196732390799525
1.3068146928204136	4.194042061715915
1.3168146928204143	1.9966562896759383
1.326814692820414	-9.473693012684047
1.3368146928204139	-5.968993853181854
1.3468146928204137	-13.749365862043328
1.3568146928204143	-11.673292013829174
1.3668146928204141	-5.926558989956952
1.376814692820414	-7.970794776127634
1.3868146928204137	4.814711738207202
1.3968146928204135	4.136679560441136
1.4068146928204142	8.582541349787535
1.416814692820414	12.957055911733132
1.4268146928204137	4.457412335877211
1.4368146928204135	8.417683322595277
1.4468146928204142	-1.2227319380191024
1.456814692820414	-4.827827794007267
1.4668146928204138	-3.9865211560531693
1.4768146928204136	-12.000602229356506
1.4868146928204142	-3.313672983844439
1.496814692820414	-4.769682151306012
1.5068146928204138	0.11332215076306695
1.5168146928204136	9.32787309123018
1.5268146928204143	5.6873300285223065
1.536814692820414	14.345627091228415
1.5468146928204138	9.121657931818705
1.5568146928204136	5.534008708363632
1.5668146928204143	5.404248444573794
1.576814692820414	-7.115999571542025
1.5868146928204139	-4.865189751794583
1.5968146928204137	-11.410936131055688
1.6068146928204143	-12.682494104436486
1.6168146928204141	-5.453985448484792
1.626814692820414	-9.205558224057372
1.6368146928204137	2.564481975094773
1.6468146928204144	3.604523361995425
1.6568146928204142	5.331140925580836
1.666814692820414	11.70778010762616
1.6768146928204137	2.783565233537356
1.6868146928204135	5.776410378524719
1.6968146928204142	-1.6006175943957748
1.706814692820414	-7.811065230858988
1.7168146928204138	-5.129985353149559
1.7268146928204136	-13.880617620668541
1.7368146928204133	-6.28876005940464
1.7468146928204131	-5.272340769104069
1.7568146928204147	-2.467660963239084
1.7668146928204145	8.974886633552781
1.7768146928204143	5.543508147908671
1.786814692820414	13.878857791679957
1.7968146928204138	11.638319681482686
1.8068146928204136	6.462103058129475
1.8168146928204134	8.521033511338656
1.8268146928204132	-4.163272197897266
1.8368146928204148	-3.0409320527466517
1.8468146928204145	-7.551908531866975
1.8568146928204143	-11.624885670239161
1.8668146928204141	-3.329507737976421
1.876814692820414	-7.150982052186324
1.8868146928204137	2.71442175825399
1.8968146928204135	5.737184442950064
1.9068146928204133	5.102086290878522
1.916814692820413	12.73940759918218
1.9268146928204146	3.82291066264706
1.9368146928204144	4.978210715573527
1.9468146928204142	-0.3432856523225677
1.956814692820414	-9.449449669582044
1.9668146928204138	-6.0860533662069525
1.9768146928204136	-15.240079427421138
1.9868146928204133	-9.681903410965326
1.9968146928204131	-6.7205459163015995
2.0068146928204147	-6.5179694494355305
2.0168146928204145	6.06504373354529
2.0268146928204143	3.4136926883227345
2.036814692820414	10.585396767922386
2.046814692820414	11.290315888837632
2.0568146928204136	4.491050943109374
2.0668146928204134	8.145793890161887
2.076814692820413	-3.44887933783092
2.0868146928204148	-3.8559443651884573
2.0968146928204145	-5.621125332317367
2.1068146928204143	-11.465581687742276
2.116814692820414	-2.3127334812267097
2.126814692820414	-5.317597233576661
2.1368146928204137	2.695522255676774
2.1468146928204135	8.674798423685107
2.1568146928204133	6.332995729732657
2.166814692820413	15.052926424653373
2.1768146928204146	7.22694994162679
2.1868146928204144	6.434414075153677
2.196814692820414	3.495366711854799
2.206814692820414	-7.8002779354338045
2.2168146928204138	-4.613227834963679
2.2268146928204136	-13.290317765506245
2.2368146928204133	-10.939306315073265
2.246814692820413	-6.181984684832436
2.2568146928204147	-8.134958774995395
2.2668146928204145	4.267255268509256
2.2768146928204143	2.503797663888224
2.286814692820414	7.287061475453454
2.296814692820414	10.572016361304732
2.3068146928204136	2.326596311224611
2.3168146928204134	6.077254416991435
2.326814692820413	-3.9910799303293847
2.3368146928204148	-6.865163298729485
2.3468146928204145	-6.472803314639442
2.3568146928204143	-14.000272192553577
2.366814692820414	-4.603461495291395
2.376814692820414	-5.9773016201035265
2.3868146928204137	-0.03455589875731818
2.3968146928204135	8.844054222358317
2.4068146928204133	5.8875885015245135
2.416814692820415	15.220839769619944
2.4268146928204146	9.782559448268472
2.4368146928204144	7.262522721484314
2.446814692820414	6.846844377095503
2.456814692820414	-5.245606696652817
2.4668146928204138	-2.475265591768448
2.4768146928204136	-9.51847445738232
2.4868146928204133	-10.046852725117265
2.496814692820413	-3.298310041971992
2.5068146928204147	-6.9122594950643865
2.5168146928204145	4.665902197983962
2.5268146928204143	4.855629027508721
2.536814692820414	6.8105522922805495
2.546814692820414	12.091145119529052
2.5568146928204136	2.724861364475178
2.5668146928204134	5.619069045575442
2.576814692820413	-3.0021550519190265
2.5868146928204148	-8.801276460520414
2.5968146928204145	-7.073441413578811
2.6068146928204143	-15.917174893756274
2.616814692820414	-7.971997627769715
2.626814692820414	-7.673643167779639
2.6368146928204137	-4.34337379471023
2.6468146928204135	6.589005818666854
2.6568146928204133	3.3993813355722162
2.666814692820415	12.188075589724736
2.6768146928204146	9.480275369380864
2.6868146928204144	5.209242399856855
2.696814692820414	7.284872882554065
2.706814692820414	-5.052311828644598
2.7168146928204138	-2.9349731095436113
2.7268146928204136	-7.595772003305493
2.7368146928204133	-10.300121545738579
2.746814692820413	-1.8365504020933336
2.7568146928204147	-5.521542539208271
2.7668146928204145	5.14146211347773
2.7768146928204143	7.836747922325707
2.786814692820414	7.746032353221213
2.796814692820414	15.070588952922911
2.8068146928204136	5.741963577666564
2.8168146928204134	7.278494322125408
2.826814692820413	0.9559583871772173
2.8368146928204148	-7.787511207516887
2.8468146928204145	-4.998791617146564
2.8568146928204143	-14.567673958949145
2.866814692820414	-8.921715403582574
2.876814692820414	-7.1055637233814855
2.8868146928204137	-6.58343912871846
2.8968146928204135	5.209076607249635
2.9068146928204133	1.9980288672699533
2.916814692820415	9.192741572233437
2.9268146928204146	9.057146512778091
2.9368146928204144	2.4695182076213706
2.946814692820414	5.681868873423992
2.956814692820414	-6.037809774663153
2.9668146928204138	-5.914992553432657
2.9768146928204136	-8.129436691355625
2.9868146928204133	-13.145777450181448
2.996814692820413	-3.7725150800522105
3.0068146928204147	-6.672587151224841
3.0168146928204145	2.538448553078368
3.0268146928204143	8.296899464271632
3.036814692820414	6.9274815745543465
3.046814692820414	15.852292646046179
3.0568146928204136	8.096101190486284
3.0668146928204134	8.24018757295412
3.076814692820413	4.802421995112829
3.0868146928204148	-5.699078731423981
3.0968146928204145	-2.304551305922309
3.1068146928204143	-11.30381925415107
3.116814692820414	-8.239935665605778
3.126814692820414	-3.9955043971677986
3.1368146928204137	-5.868556216014882
3.1468146928204135	6.147734373057128
3.1568146928204133	3.8721850646598557
3.166814692820415	8.624302817287816
3.1768146928204146	10.913102462172903
3.1868146928204144	2.2488477105973974
3.196814692820414	5.610620574366521
3.206814692820414	-5.449705581214285
3.2168146928204138	-7.88561671754989
3.2268146928204136	-8.388642832427601
3.2368146928204133	-15.74411382233058
3.246814692820413	-6.570406167322865
3.2568146928204147	-8.43883033953248
3.2668146928204145	-1.8599489509994587
3.2768146928204143	6.492184407991665
3.286814692820414	3.969647836984543
3.296814692820414	13.485024065913302
3.3068146928204136	7.809682568998346
3.3168146928204134	6.097721964450817
3.326814692820413	5.613175186481727
3.3368146928204148	-5.9529954704144785
3.3468146928204145	-2.3918516433596153
3.3568146928204143	-9.437684268447828
3.366814692820414	-8.654142936229562
3.376814692820414	-2.08616163469096
3.3868146928204137	-4.977029049514575
3.3968146928204135	7.132889925047146
3.4068146928204133	6.716659885596577
3.416814692820415	9.529808431121435
3.4268146928204146	14.329757247851477
3.4368146928204144	4.843090319260623
3.446814692820414	7.878170511644899
3.456814692820414	-1.665000856009399
3.4668146928204138	-7.229474061912965
3.4768146928204136	-6.182948160742425
3.4868146928204133	-15.055485186395986
3.496814692820413	-7.285041081145554
3.5068146928204147	-8.049540969378555
3.5168146928204145	-4.538336625314662
3.5268146928204143	5.506936558530555
3.536814692820414	1.9999235788672411
3.546814692820414	10.755414145268992
3.5568146928204136	7.024481222760485
3.5668146928204134	3.1654249618664867
3.576814692820413	4.69378228958406
3.5868146928204148	-7.60127669669163
3.5968146928204145	-5.0199585174268835
3.6068146928204143	-10.0380686185337
3.616814692820414	-11.902943048698127
3.626814692820414	-3.4428805219582257
3.6368146928204137	-6.446380507096746
3.6468146928204135	4.87512808037747
3.6568146928204133	7.398542661247282
3.666814692820415	8.466142331583697
3.6768146928204146	15.756573840968725
3.6868146928204144	6.802371057968179
3.696814692820414	9.153370579204603
3.706814692820414	2.3087223333894538
3.7168146928204138	-5.5752780985221575
3.7268146928204136	-2.9716485514453153
3.7368146928204133	-12.441800164080316
3.746814692820413	-6.349445107564096
3.7568146928204147	-4.975833611700368
3.7668146928204145	-4.286556903948121
3.7768146928204143	7.032852109134819
3.786814692820414	3.260625540421695
3.796814692820414	10.511085502926681
3.8068146928204136	9.143996160197068
3.8168146928204134	2.578685878842631
3.826814692820413	5.1186251931956726
3.8368146928204148	-7.361843129713848
3.8468146928204145	-7.0357731388823135
3.8568146928204143	-10.23814341158149
3.866814692820414	-14.868397971285143
3.876814692820414	-5.714775429779632
3.8868146928204137	-8.951460806329587
3.8968146928204135	0.7339682408344042
3.9068146928204133	5.802045122787102
3.916814692820415	5.108140578805168
3.9268146928204146	14.043009312207596
3.9368146928204144	6.0334084588645
3.946814692820414	7.236440366316692
3.956814692820414	3.5066320089501093
3.9668146928204138	-6.147679734444447
3.9768146928204136	-2.306681625288806
3.9868146928204133	-11.01566751727677
3.996814692820413	-6.644675919354378
4.006814692820415	-2.776137351433584
4.0168146928204145	-3.888484762374132
4.026814692820414	8.423391864812707
4.036814692820414	5.890773928636763
4.046814692820414	11.36567217382963
4.056814692820414	12.791647567378714
4.066814692820413	4.597834346873598
4.076814692820413	7.644224683792023
4.086814692820415	-4.015778792056163
4.0968146928204145	-6.29732781103572
4.106814692820414	-7.725268565226747
4.116814692820414	-14.92533980638983
4.126814692820414	-6.135465714007704
4.136814692820414	-8.870704483551975
4.1468146928204135	-2.0782097254039726
4.156814692820413	5.2339841245471685
4.166814692820415	2.566682864539427
4.176814692820415	11.68969462192969
4.186814692820414	5.305775042770484
4.196814692820414	4.160520410299163
4.206814692820414	2.8837690870360424
4.216814692820414	-8.311761529962887
4.2268146928204136	-4.584395434733882
4.236814692820413	-11.812358075957555
4.246814692820413	-9.898268305218659
4.256814692820415	-3.614737369208058
4.2668146928204145	-5.839002269915355
4.276814692820414	6.894595900957718
4.286814692820414	6.421229602609756
4.296814692820414	10.364193973325396
4.306814692820414	14.84048070370045
4.316814692820413	6.0916614361567065
4.326814692820413	9.48262984249994
4.336814692820415	-0.11861373752268889
4.3468146928204145	-4.7467189939632615
4.356814692820414	-4.041553716062155
4.366814692820414	-12.747819889420597
4.376814692820414	-4.737911884847494
4.386814692820414	-5.999595088956873
4.3968146928204135	-2.025714769260678
4.406814692820413	7.237560778325247
4.416814692820415	3.340895799571679
4.426814692820415	11.932347463527641
4.436814692820414	7.075079437841106
4.446814692820414	3.2996562656406923
4.456814692820414	3.765931729726997
4.466814692820414	-8.69457555653077
4.4768146928204136	-6.223965131762143
4.486814692820413	-12.114792218791353
4.496814692820413	-13.503588031865572
4.506814692820415	-5.4937495384318344
4.5168146928204145	-8.836335621984361
4.526814692820414	3.1278744091099595
4.536814692820414	4.875450053076171
4.546814692820414	6.740085252093371
4.556814692820414	13.787359297113296
4.566814692820413	4.959533562766066
4.576814692820413	8.13420339477064
4.586814692820415	1.1138510339779017
4.5968146928204145	-5.5930214447564905
4.606814692820414	-2.852733144363852
4.616814692820414	-11.888758460060819
4.626814692820414	-4.847460417669863
4.636814692820414	-3.7344023425967143
4.6468146928204135	-1.8875410071783245
4.656814692820413	9.195937556390257
4.666814692820415	5.588706737255171
4.676814692820415	13.150791018727112
4.686814692820414	11.004913851356372
4.696814692820414	4.982777052999229
4.706814692820414	6.9852408656590725
4.716814692820414	-5.951498546609036
4.7268146928204136	-5.341722953288071
4.736814692820413	-9.569903372359462
4.746814692820413	-14.003609412113526
4.756814692820415	-5.517283983296983
4.7668146928204145	-9.267667299158001
4.776814692820414	0.525442458571916
4.786814692820414	4.354744998770066
4.796814692820414	3.6935901656702868
4.806814692820414	12.004973037857312
4.816814692820413	3.7658176958069554
4.826814692820413	5.2138503693892355
4.836814692820415	0.6004618216355839
4.8468146928204145	-8.471829467962788
4.856814692820414	-4.598857536311652
4.866814692820414	-13.16023485976994
4.876814692820414	-8.051107314139
4.886814692820414	-4.253406302097907
4.8968146928204135	-4.48147675185107
4.906814692820413	8.240247783371576
4.916814692820415	5.7999171582567435
4.926814692820415	12.177616134542527
4.936814692820414	13.38511300069556
4.946814692820414	5.856118543443452
4.956814692820414	9.337271424328812
4.966814692820414	-2.4383676287578577
4.9768146928204136	-3.952840089993775
4.986814692820413	-5.80260768615344
4.996814692820413	-12.41348888914291
5.006814692820415	-3.614028814064029
5.0168146928204145	-6.8717956126114
5.026814692820414	0.4549218168929988
5.036814692820414	6.617635955771444
5.046814692820414	4.018360765581358
5.056814692820414	12.706618238302848
5.066814692820413	5.236775658615599
5.076814692820413	4.225535816128069
5.086814692820415	1.8515234306650095
5.0968146928204145	-9.431187134616945
5.106814692820414	-5.928576549661791
5.116814692820414	-13.996594083003167
5.126814692820414	-11.569891074141289
5.136814692820414	-5.877917317669933
5.1468146928204135	-7.873395616903954
5.156814692820413	4.851627733711693
5.166814692820415	4.005194969744304
5.176814692820415	8.620800176804051
5.186814692820414	12.717959491920196
5.196814692820414	4.3764967946485385
5.206814692820414	8.507367444826828
5.216814692820414	-1.3517978314737058
5.2268146928204136	-4.920937125315643
5.236814692820413	-4.046572907866502
5.246814692820413	-12.02458028455205
5.256814692820415	-3.262541253859764
5.2668146928204145	-4.67533812911935
5.276814692820414	0.42090820679702795
5.286814692820414	9.294780763765853
5.296814692820414	5.619973641426858
5.306814692820414	14.493792986881454
5.316814692820413	8.945250069428491
5.326814692820413	5.644600878093721
5.336814692820415	5.325877960720093
5.3468146928204145	-7.285184659247367
5.356814692820414	-4.7165989948976765
5.366814692820414	-11.67049255802385
5.376814692820414	-12.692615987108745
5.386814692820414	-5.515651295090998
5.3968146928204135	-9.136933335288015
5.406814692820413	2.694827048357215
5.416814692820415	3.5469345603585603
5.426814692820415	5.5005058596724705
5.436814692820414	11.710833486915728
5.446814692820414	2.751133049135505
5.456814692820414	5.792394924950739
5.466814692820414	-1.7817330049285538
5.4768146928204136	-7.910854052118045
5.486814692820413	-5.373734218083839
5.496814692820413	-13.822636335563095
5.506814692820415	-6.131732437595295
5.5168146928204145	-5.254197979678759
5.526814692820414	-2.436212584204765
5.536814692820414	8.804902397719403
5.546814692820414	5.543804536577239
5.556814692820414	14.0168600048161
5.566814692820413	11.64715264334809
5.576814692820413	6.413943397898408
5.586814692820415	8.46305872985128
5.5968146928204145	-4.200817054372477
5.606814692820414	-3.0725201688114865
5.616814692820414	-7.778414354001844
5.626814692820414	-11.44724900421153
5.636814692820414	-3.3061138298668595
5.6468146928204135	-7.131032283036129
5.656814692820413	2.7497775455996036
5.666814692820415	5.8279980727045695
5.676814692820415	5.287622021583103
5.686814692820414	12.76986461441208
5.696814692820414	3.6157941682560875
5.706814692820414	5.032093258410185
5.716814692820414	-0.652227680602436
5.7268146928204136	-9.337283115927981
5.736814692820413	-6.141967280555207
5.746814692820415	-15.136694033912137
5.756814692820415	-9.606554571037892
5.7668146928204145	-6.738796472851345
5.776814692820414	-6.311300306497943
5.786814692820414	6.224301058828631
5.796814692820414	3.562748603600075
5.806814692820414	10.506510641271623
5.816814692820413	11.216587575712738
5.826814692820413	4.503589795141993
5.836814692820415	8.246725823492993
5.8468146928204145	-3.4235246469383442
5.856814692820414	-3.7191200334213717
5.866814692820414	-5.7329945909048945
5.876814692820414	-11.563595289437018
5.886814692820414	-2.234557663822298
5.8968146928204135	-5.4513642304117145
5.906814692820413	2.9007574317252423
5.916814692820415	8.73479100854377
5.926814692820415	6.443494201856312
5.936814692820414	15.0364071184299
5.946814692820414	7.191469272525276
5.956814692820414	6.4824107130149615
5.966814692820414	3.328800553889726
5.9768146928204136	-7.760469011660902
5.986814692820413	-4.558349811322458
5.996814692820415	-13.371813890732302
6.006814692820415	-10.858740131450318
6.0168146928204145	-6.1560563343366645
6.026814692820414	-8.137120920409927
6.036814692820414	4.267730873448759
6.046814692820414	2.608845261401668
6.056814692820414	7.385025585216466
6.066814692820413	10.57685926163176
6.076814692820413	2.1496067132245917
6.086814692820415	6.021126911999037
6.0968146928204145	-4.287549915906229
6.106814692820414	-6.799333643090812
6.116814692820414	-6.657331891449556
6.126814692820414	-13.97241310104841
6.136814692820414	-4.588768034616287
6.1468146928204135	-6.1762067493849395
6.156814692820413	0.08501492125897403
6.166814692820415	8.802483351399374
6.176814692820415	5.98651533283988
6.186814692820414	15.307024228697092
6.196814692820414	9.650098219586981
6.206814692820414	7.368285266588838
6.216814692820414	6.838596675383452
6.2268146928204136	-5.264851884474606
6.236814692820413	-2.3843178308466877
6.246814692820415	-9.766317445517803
6.256814692820415	-9.919981735588195
6.2668146928204145	-3.3417198243957427
6.276814692820414	-6.9174914280793836
